%%%%%%%%%%%%%%%%%%%%%%%%%%%%%%%%%%%%%%%%%%%%%%%%%%%%%%%%%%%%%%%%%%%%%%%%%%%%%%%%%%%%
% Do not alter this block (unless you're familiar with LaTeX
\documentclass{article}
\usepackage[margin=1in]{geometry} 
\usepackage{amsmath,amsthm,amssymb,amsfonts, fancyhdr, color, comment, graphicx, environ}
\usepackage{xcolor}
\usepackage{mdframed}
\usepackage[shortlabels]{enumitem}
\usepackage{indentfirst}
\usepackage{hyperref}
% color scheme for listings:
\usepackage{listings}
\usepackage{xcolor}
\definecolor{codegreen}{rgb}{0,0.6,0}
\definecolor{codegray}{rgb}{0.5,0.5,0.5}
\definecolor{codepurple}{rgb}{0.58,0,0.82}
\definecolor{backcolour}{rgb}{0.95,0.95,0.92}

\lstdefinestyle{mystyle}{
    backgroundcolor=\color{backcolour},   
    commentstyle=\color{codegreen},
    keywordstyle=\color{magenta},
    numberstyle=\tiny\color{codegray},
    stringstyle=\color{codepurple},
    basicstyle=\ttfamily\footnotesize,
    breakatwhitespace=false,         
    breaklines=true,                 
    captionpos=b,                    
    keepspaces=true,                 
    numbers=left,                    
    numbersep=5pt,                  
    showspaces=false,                
    showstringspaces=false,
    showtabs=false,                  
    tabsize=2
}

\lstset{style=mystyle}

\setlength\parindent{0pt}
\setlength\parskip{1em plus 0.1em minus 0.2em}
\hypersetup{
    colorlinks=true,
    linkcolor=blue,
    filecolor=magenta,      
    urlcolor=blue,
}


\pagestyle{fancy}


\newenvironment{question}[2][Question]
    { \begin{mdframed}[backgroundcolor=gray!20] \textbf{#1 #2} \\}
    {  \end{mdframed}}

% Define solution environment
\newenvironment{answer}{\textbf{Answer}}

%%%%%%%%%%%%%%%%%%%%%%%%%%%%%%%%%%%%%%%%%%%%%
%Fill in the appropriate information below
\lhead{Joshua Millar 200351900}
\rhead{ECS766: Data Mining} 
\chead{\textbf{Assignment 1}}
%%%%%%%%%%%%%%%%%%%%%%%%%%%%%%%%%%%%%%%%%%%%%


\begin{document}

    \begin{question}{1.1}
    Consider the following sales data: $[3, 16, 20, 4, 2, 5, 10, 9, 13, 7, 14, 8]$. Apply the following binning techniques on the data, assuming 3 bins in each case:
    \begin{itemize}
    	\setlength\itemsep{0em}
    	\item Equal-frequency binning
    	\item Smoothing by bin boundaries
    \end{itemize}
    \end{question}
    \begin{answer}
    	The sorted data is: $[ 2,  3,  4,  5,  7,  8,  9, 10, 13, 14, 16, 20]$. For equal-frequency bins, the data is split into 3 equal bins of length 4: $[2, 3, 4, 5]$, $[7, 8, 9, 10]$, $[13, 14, 16, 20]$.
    	
    	For smoothing bin boundaries, each element is fixed to the min or the max of the bin, whichever is closest. So, in the first bin the min is 2 and max is 5. The second element is $3-2=1$ away from the min and $3-5 = -2$ away from the max, so it is fixed to 2. This procedure can be repeated for all elements in all bins to give: $[2, 2, 5, 5]$, $[7, 7, 10, 10]$, $[13, 13, 13, 20]$.
    \end{answer}
\begin{question}{1.2}
	Use the below methods to normalize the following data: $[10, 5, 25, 50, 35]$:
	\begin{itemize} \setlength\itemsep{0em}
		\item min-max normalization with $\min=0$ and $\max=1$.
		\item z-score normalization
	\end{itemize}
\end{question}
\begin{answer}
For $v \in A$, a normalised value, $v'$, using min-max normalisation is defined as:
	\begin{align*}
		v' &= \frac{v-\min_A}{\max_A-\min_A} ( \text{newmax}_A - \text{newmin}_A ) + \text{newmin}_A.
	\end{align*}
For the dataset, $\min=5$, $\max=50$ the first element becomes:
	\begin{align*}
		v' &= \frac{10-5}{50-5} ( 1 - 0 ) + 0 \\
		& = 0.1111,
	\end{align*}
and the data becomes: $[0.111, 0, 0.444, 1, 0.667]$.

Z-score normalisation of $v$ is given by:
	\begin{align*}
		v' &= \frac{v-\mu_A}{\sigma{a}}
	\end{align*}
For the dataset, $\mu_A = \frac{1}{5}\sum_1^5A = 25$, $\sigma_A = \frac{1}{5}\sum_1^5 (v_i-\mu)^2 = 16.43$ and so the data becomes: 
$[-0.913, -1.217,  0,  1.521,  0.608]$
\end{answer}
\begin{question}{1.3}
	Students at two universities, University A and University B, have been provided with feedback forms on student satisfaction, with the below responses recorded. Is student satisfaction correlated with a specific university? Use a chi-square test to find out, assuming a significance level of 0.001 and a corresponding chi-square significance value of 10.828.
\end{question}
\begin{answer}
The table has been completed with expected values, $e_{ij}$ in brackets, computed with:
\begin{align*}
	e_{ij} = \frac{\text{count}(A=a_i) \cdot \text{count}(B=b_j)}{n}
\end{align*}

\begin{table}[hbt]
\begin{center}
  \begin{tabular}{l|cc|c}
    Rating/University & University A & University B \\
    \hline
    Satisfied & 71 (69.67) & 129 (130.32) & 200 \\
    Dissatisfied & 37 (38.32) & 73 (71.77) & 110 \\
    \hline
    & 108 & 202 & 310 
  \end{tabular}
  \end{center}
\end{table}
The $\chi^2$ test is defined as:
\begin{align*}
	\chi^2 &= \sum_{i=1}^c \sum_{j=1}^r \frac{(o_{ij} - e_{ij})^2}{e_{ij}}\\
			&= \frac{(71-69.67)^2}{69.67} + \frac{(129-130.32)^2}{130.32} + \frac{(73-38.32)^2}{38.32} + \frac{(73-71.67)^2}{71.67} \\ 
			& \approx 0.109
\end{align*}
The null hypothesis is that there is no correlation between university and satisfaction. As the calculated $\chi^2$ statistic is less than 10.828, the required value at 0.001 significance, there is no evidence to reject the null hypothesis. I.e. there is no correlation between university and satisfaction. 
\end{answer}

\begin{question}{1.4}
	Load the CSV file country-income.csv which includes both numerical and categorical attributes. Perform data cleaning in order to replace any NaN values with the mean of the value for a given field. Then replace any categorical labels with numerical labels. Display the resulting dataset. You can use the sklearn.impute and sklearn.preprocessing packages to asssist you.
\end{question}
\begin{answer}

	\begin{lstlisting}[language=Python]
import pandas as pd
import numpy as np
from sklearn import impute, preprocessing

income = pd.read_csv("country-income.csv")
# find which columns are numeric:
numeric_cols = income.select_dtypes(include=np.number).columns.tolist()
# impute missing vals in numeric cols with the column's mean:
imp = impute.SimpleImputer(strategy="mean")
imp = imp.fit(income[numeric_cols])
income[numeric_cols] = imp.transform(income[numeric_cols])

# replace categories with numeric value:
enc = preprocessing.LabelEncoder()
enc = enc.fit(income['Online Shopper'])
income['Online Shopper'] = enc.transform(income['Online Shopper'])	
	\end{lstlisting}

\end{answer}

The resulting dataset, \verb+income+ is:

\begin{center}
	\begin{tabular}{llrrr}
\hline
{} &  Region &        Age &        Income &  Online Shopper \\
\hline
0 &   India &  49.000000 &  86400.000000 &               0 \\
1 &  Brazil &  32.000000 &  57600.000000 &               1 \\
2 &     USA &  35.000000 &  64800.000000 &               0 \\
3 &  Brazil &  43.000000 &  73200.000000 &               0 \\
4 &     USA &  45.000000 &  76533.333333 &               1 \\
5 &   India &  40.000000 &  69600.000000 &               1 \\
6 &  Brazil &  43.777778 &  62400.000000 &               0 \\
7 &   India &  53.000000 &  94800.000000 &               1 \\
8 &     USA &  55.000000 &  99600.000000 &               0 \\
9 &   India &  42.000000 &  80400.000000 &               1 \\
\hline
\end{tabular}
\end{center}


\begin{question}{1.5}
Load the CSV file shoesize.csv, which includes measurements of shoe size and height (in inches) for 408 subjects, both female and male. Plot the scatterplots of shoe size versus height for female and male subjects separately. Compute the Pearson's correlation coefficient of shoe size versus height for female and male subjects separately. What can be inferred by the scatterplots and computed correlation coefficients? You can implement your own formulation of the correlation coefficient or use the scipy.stats package to assist you.
\end{question}
\begin{answer}

	\begin{lstlisting}[language=Python]
import pandas as pd
import scipy
import matplotlib.pyplot as plt
import seaborn as sns
from scipy.stats import stats


shoesize = pd.read_csv('shoesize.csv')
# Replace index and split into male and female subsets
shoesize.set_index('Index')
male_shoes = shoesize[shoesize['Gender'] == 'M']
female_shoes = shoesize[shoesize['Gender'] == 'F']

# create scatterplots
fig, ax = plt.subplots(1, 2)
sns.scatterplot(x=male_shoes['Size'], y=male_shoes['Height'], ax=ax[0])
sns.scatterplot(x=female_shoes['Size'], y=female_shoes['Height'], ax=ax[1])
# fig.suptitle(['Males', 'Females'])

# compute pearson coeffs:
pearson_males = stats.pearsonr(male_shoes['Size'], male_shoes['Height'])
pearson_females = stats.pearsonr(female_shoes['Size'], female_shoes['Height'])

print("The Pearson r coefficient for males: {:.4f} "
      "and for females: {:.4f}.".format(pearson_males[0], pearson_females[0]))
	\end{lstlisting}
The Pearson r coefficient for males: 0.7677 and for females: 0.7078. The scatterplot is shown below.
\begin{figure}[hbt]
  \begin{center}
  	  \includegraphics[scale=0.5]{img/scatter.png}
  \end{center}
\end{figure}	

For both males and females, the shoe size and height are positively correlated as observed in the plots and in $r>0$. In males, this correlation is slightly stronger as indicated by the higher $r$ value, and with a tighter bunching of the data-points around the slope in the plot. 


\end{answer}
\begin{question}{1.6}
	Using the pre-processed breast cancer dataset from subsection 1.1 of this notebook (which replaced any missing values with their median), perform Principal Component Analysis with 2 components. Compute the explained variance ratio for each component, and plot the scatterplot of all samples along the two principal components, color-coded according to the "Class" column (this column should not be used in the PCA analysis). Ensure that your data is normalized prior to performing PCA. What insights can you obtain by the explained variance ratio of each component, and by viewing the scatterplot of the principal components?
\end{question}
\begin{answer}

	\begin{lstlisting}[language=Python]
import pandas as pd
from sklearn import preprocessing, decomposition
import matplotlib.pyplot as plt
import seaborn as sns

# take data direct from 1.1. Assumes all code up to end 
# of 1.1 (only) has been run:
cancer_data = data2
# create new scaled dataset and remove the class column
scaled_cancer_data = cancer_data.copy()
scaled_cancer_data.drop('Class', 1, inplace=True)
numeric_cols = scaled_cancer_data.select_dtypes(include=np.number).columns.tolist()
# normalise with z-score normalisation:
scaler = preprocessing.StandardScaler()
scaler.fit(scaled_cancer_data[numeric_cols])
scaled_cancer_data[numeric_cols] = scaler.transform(scaled_cancer_data[numeric_cols])
# obtain the first two PCs on the scaled dataset, plot and return EVR
pca = decomposition.PCA(n_components=2)
pca.fit(scaled_cancer_data)
pcpl_components = pd.DataFrame(
    pca.transform(scaled_cancer_data),
    columns=['PC1', 'PC2'], 
    index=scaled_cancer_data.index
    )
sns.scatterplot(
    x=pcpl_components['PC1'], 
    y=pcpl_components['PC2'],
    hue=cancer_data['Class'])
print(
    "Explained variance ratios for PC1 and PC2 are: {:.4f} {:.4f}, "
    "respectively.".format(pca.explained_variance_ratio_[0], 
                           pca.explained_variance_ratio_[1]
    )
)
	\end{lstlisting}
Explained variance ratios for PC1 and PC2 are: 0.7890 0.0862, respectively. The scatter plot is shown below.
\begin{figure}[hbt]
  \begin{center}
  	  \includegraphics[scale=0.5]{img/pca.png}
  \end{center}
\end{figure}	

The explained variance ratios indicate that the dataset's variance is far more dependent on PC1 than PC2 (i.e. is better ``explained'') because the value is higher. This is reflected in the scatter plot where the spread is larger in the PC1 axis. 
\end{answer}

\begin{question}{2.1}
	In Section 1, what kind of relationship can be inferred from summary statistics regarding ACT composite score and SAT total score? Which visualisations make this relationship apparent?
\end{question}
\begin{answer}
There is a positive linear relationship between these features which is apparent in the scatter plot in the pair plot in 1.8. The correlation is quite strong as the data points are relatively tight along a line. 
\end{answer}
\begin{question}{2.2}
Based on the box plots presented in Section 1, what is the relationship between parental level of education and parental income? Using table visualisation, find and show the entire rows that correspond to the outliers regarding parental income whose parents have a master's degree.
\end{question}
\begin{answer}
The boxplots indicate there is a positive relationship between the level of education and income. The subset of the dataframe with all outliers for parents with a master's degree can be found with the following code:

\begin{lstlisting}[language=Python]
# continuing from 1.7:
from matplotlib.cbook import boxplot_stats

# find all outliers for parents with masters degree:
outliers = boxplot_stats(
    df[df["parental level of education"] == "master's degree"]["parental income"]
).pop(0)["fliers"]

print("Outlier rows:")
display(df[df["parental income"].isin(outliers)])
\end{lstlisting} 

Which outputs:

\resizebox{\textwidth}{!}{\begin{tabular}{lrrlrrrr}
\hline
{} &  ACT composite score &  SAT total score & parental level of education &  parental income &  high school gpa &  college gpa &  years to graduate \\
\hline
411 &                   31 &             2108 &             master's degree &           120391 &              4.0 &          3.6 &                  4 \\
420 &                   28 &             2097 &             master's degree &            59724 &              3.9 &          3.2 &                  4 \\
\hline
\end{tabular}}


\end{answer}

\begin{question}{2.3}
Using an example, explain the importance of scaling features so that their magnitudes are comparable when computing distances.	
\end{question}
\begin{answer}
	Scaling is important when computing distances to avoid any single feature from dominating the distance measure. E.g. for three objects with two attributes each $\textbf{x} = (4.0, 18000)$, $\textbf{y} = (3.8, 12000)$, $z = (1.1, 17500)$, the Euclidean distance between $x$, $y$ is
	\begin{align}
		d(\textbf{x, y}) &= \sqrt{(4.0 - 3.8)^2 + (18000 - 12000)^2}\\
		&\approx 6000 \nonumber
	\end{align}
	and between $x$, $z$ is
	\begin{align}
		d(\textbf{x, z}) &= \sqrt{(4.0 - 1.1)^2 + (18000 - 17500)^2}\\
		&\approx 500 \nonumber
	\end{align}
	The Euclidean difference between $x$, $y$ is an order of magnitude higher than $x$, $z$ because the absolute difference $x_2 - y_2$ is large. The very large relative difference between $x_1$ and $z_1$ is not reflected in the distances.
	
	However, if $\left[\begin{matrix}x \\ y\\ z \end{matrix}\right]$ are normalised to become:
	\[
			\begin{bmatrix}
		$0.781$ &  $0.797$\\
		$0.630$ & $-1.410$ \\
		$-1.412$ & $0.613$
		\end{bmatrix}
	\]
	then, using equation 1 and 2 above, the distances $d(\textbf{x, y})$ and $d(\textbf{x, z})$ become 2.212 and 2.200, respectively which is a far better indication of their actual distances across the whole parameter space. 
	
\end{answer}
\begin{question}{2.4}
	In Section 1, the distance matrix visualisation is not very informative. However, it is still possible to infer that the average distance between students whose parents only have some high school education and students whose parents have a master's degree is larger than the average distance between students whose parents only have some high school education. Explain how this inference is possible from the visualisation. 
\end{question}
\begin{answer}
The distance matrix is replicated below:
\begin{figure}[hbt]
  \begin{center}
  	  \includegraphics[scale=1.0]{img/dist.png}
  \end{center}
\end{figure}	

A number of feint squares can be observed which correspond to the education levels whose order can be obtained by querying \verb+df_sorted+:
\begin{lstlisting}[numbers=none]
>> print(df_sorted['parental level of education'].unique)

	
>> ['some high school' < 'high school' < 'some college' < 'associate's degree' < 'bachelor's degree' < 'master's degree']>
\end{lstlisting}

The distance between students whose parents have some high school education and students whose parents have a master's degree is represented by the top right and bottom left portions of the plot.  These regions are generally darker blue than the rest of the areas, which indicates that, on average, these two students have a larger distance between them. 
\end{answer}

\begin{question}{2.5}
	In Section 2, increase the number of evenly spaced numbers from 10 to 100 for both axes and observe the corresponding heat map created through nearest neighbour interpolation. Read about this interpolation method and explain what you observed.
\end{question}
\begin{answer}
The number of evenly-spaced numbers is increased by changing the following parameter in numpy's linspace function:

\begin{lstlisting}[language=Python][numbers=2]
x_range = np.linspace(-1, 1, 100)
y_range = np.linspace(-1, 1, 100)
\end{lstlisting}
Which outputs the following heatmap using nearest neighbour interpolation:
\begin{figure}[hbt]
  \begin{center}
  	  \includegraphics[scale=1.0]{img/nn.png}
  \end{center}
\end{figure}	

The nearest-neighbour interpolation assigns the colour of the nearest point from the dataset and no interpolation is made between points. When there are only 10 points, there are a large number of pixels which are closest to any one point (i.e. any one evaluation of the function) and so the image appears blocky. When the number of points is increased there are fewer pixels assigned to any one evaluation of the function which has gives a 'smoother' appearance to the heatmap. 

\end{answer}
\begin{question}{2.6}
The function \verb+load_wine+ from \verb+sklearn.datasets+ can be used to load the wine dataset into a DataFrame by using the commands \verb|data = load_wine()|, \verb+df = pd.DataFrame(data.data,+ \\
\verb+columns=data.feature_names),+ and \verb+df['target'] = pd.Series(data.target)+ .

2.6.1. Load the wine dataset. Compute the frequency of each value of the 'target' feature. 

2.6.2. Compute univariate and multivariate summaries for all numerical features (except from the target feature). Group observations by the target feature and compute the corresponding median for each numerical feature. 

2.6.3. Group observations by the target feature and create one box plot of alcohol for each group.

2.6.4. Create a scatter plot for the pair of distinct numerical features with the highest correlation. 

2.6.5. Exclude the target feature, standardize the remaining numerical features, and display a projection obtained by multidimensional scaling. Color the points by the target feature. 	
\end{question}
\begin{answer}
	\textbf{2.6.1} The frequency of each feature is given by:
	\begin{align*}
		f_j(a) &= \frac{1}{N}\sum_{i=1}^N {I}[x_{i,j} = a],
	\end{align*}
	and can be found using the following code:
	\begin{lstlisting}[language=Python]
from sklearn.datasets import load_wine

data = load_wine()
df = pd.DataFrame(data.data, columns=data.feature_names)
df['target'] = pd.Series(data.target)
# compute frequency of each target feature:
for this_target in df['target'].unique():
  this_freq = len(df[df["target"] == this_target])
  print("Frequency of target {}: {}".format(this_target, this_freq))
	\end{lstlisting}
which outputs:

Frequency of target 0: 0.331...\\
Frequency of target 1: 0.398...\\
Frequency of target 2: 0.269...

\textbf{2.6.2} The univariate and multivariate summaries can be found using the code below. Note that this code and all future code continues on from the listing in \textit{2.6.1}

\begin{lstlisting}[language=Python]
notarget_df = df.drop('target', 1)
# univariate summary:
print("Univariate summary:")
display(notarget_df.describe())

# multivariate summaries:
print("Covariance:")
# covariance:
display(notarget_df.cov())
print("Correlation:")
display(notarget_df.corr())

\end{lstlisting}
Univariate summary:

\resizebox{\textwidth}{!}{\begin{tabular}{lrrrrrrrrrrrrr}
\hline
{} &     alcohol &  malic\_acid &         ash &  alcalinity\_of\_ash &   magnesium &  total\_phenols &  flavanoids &  nonflavanoid\_phenols &  proanthocyanins &  color\_intensity &         hue &  od280/od315\_of\_diluted\_wines &      proline \\
\hline
count &  178.000000 &  178.000000 &  178.000000 &         178.000000 &  178.000000 &     178.000000 &  178.000000 &            178.000000 &       178.000000 &       178.000000 &  178.000000 &                    178.000000 &   178.000000 \\
mean  &   13.000618 &    2.336348 &    2.366517 &          19.494944 &   99.741573 &       2.295112 &    2.029270 &              0.361854 &         1.590899 &         5.058090 &    0.957449 &                      2.611685 &   746.893258 \\
std   &    0.811827 &    1.117146 &    0.274344 &           3.339564 &   14.282484 &       0.625851 &    0.998859 &              0.124453 &         0.572359 &         2.318286 &    0.228572 &                      0.709990 &   314.907474 \\
min   &   11.030000 &    0.740000 &    1.360000 &          10.600000 &   70.000000 &       0.980000 &    0.340000 &              0.130000 &         0.410000 &         1.280000 &    0.480000 &                      1.270000 &   278.000000 \\
25\%   &   12.362500 &    1.602500 &    2.210000 &          17.200000 &   88.000000 &       1.742500 &    1.205000 &              0.270000 &         1.250000 &         3.220000 &    0.782500 &                      1.937500 &   500.500000 \\
50\%   &   13.050000 &    1.865000 &    2.360000 &          19.500000 &   98.000000 &       2.355000 &    2.135000 &              0.340000 &         1.555000 &         4.690000 &    0.965000 &                      2.780000 &   673.500000 \\
75\%   &   13.677500 &    3.082500 &    2.557500 &          21.500000 &  107.000000 &       2.800000 &    2.875000 &              0.437500 &         1.950000 &         6.200000 &    1.120000 &                      3.170000 &   985.000000 \\
max   &   14.830000 &    5.800000 &    3.230000 &          30.000000 &  162.000000 &       3.880000 &    5.080000 &              0.660000 &         3.580000 &        13.000000 &    1.710000 &                      4.000000 &  1680.000000 \\
\hline
\end{tabular}}

Covariance:

\resizebox{\textwidth}{!}{\begin{tabular}{lrrrrrrrrrrrrr}
\hline
{} &     alcohol &  malic\_acid &        ash &  alcalinity\_of\_ash &    magnesium &  total\_phenols &  flavanoids &  nonflavanoid\_phenols &  proanthocyanins &  color\_intensity &        hue &  od280/od315\_of\_diluted\_wines &       proline \\
\hline
alcohol                      &    0.659062 &    0.085611 &   0.047115 &          -0.841093 &     3.139878 &       0.146887 &    0.192033 &             -0.015754 &         0.063518 &         1.028283 &  -0.013313 &                      0.041698 &    164.567185 \\
malic\_acid                   &    0.085611 &    1.248015 &   0.050277 &           1.076332 &    -0.870780 &      -0.234338 &   -0.458630 &              0.040733 &        -0.141147 &         0.644838 &  -0.143326 &                     -0.292447 &    -67.548867 \\
ash                          &    0.047115 &    0.050277 &   0.075265 &           0.406208 &     1.122937 &       0.022146 &    0.031535 &              0.006358 &         0.001516 &         0.164654 &  -0.004682 &                      0.000762 &     19.319739 \\
alcalinity\_of\_ash            &   -0.841093 &    1.076332 &   0.406208 &          11.152686 &    -3.974760 &      -0.671149 &   -1.172083 &              0.150422 &        -0.377176 &         0.145024 &  -0.209118 &                     -0.656234 &   -463.355345 \\
magnesium                    &    3.139878 &   -0.870780 &   1.122937 &          -3.974760 &   203.989335 &       1.916470 &    2.793087 &             -0.455563 &         1.932832 &         6.620521 &   0.180851 &                      0.669308 &   1769.158700 \\
total\_phenols                &    0.146887 &   -0.234338 &   0.022146 &          -0.671149 &     1.916470 &       0.391690 &    0.540470 &             -0.035045 &         0.219373 &        -0.079998 &   0.062039 &                      0.311021 &     98.171057 \\
flavanoids                   &    0.192033 &   -0.458630 &   0.031535 &          -1.172083 &     2.793087 &       0.540470 &    0.997719 &             -0.066867 &         0.373148 &        -0.399169 &   0.124082 &                      0.558262 &    155.447492 \\
nonflavanoid\_phenols         &   -0.015754 &    0.040733 &   0.006358 &           0.150422 &    -0.455563 &      -0.035045 &   -0.066867 &              0.015489 &        -0.026060 &         0.040121 &  -0.007471 &                     -0.044469 &    -12.203586 \\
proanthocyanins              &    0.063518 &   -0.141147 &   0.001516 &          -0.377176 &     1.932832 &       0.219373 &    0.373148 &             -0.026060 &         0.327595 &        -0.033504 &   0.038665 &                      0.210933 &     59.554334 \\
color\_intensity              &    1.028283 &    0.644838 &   0.164654 &           0.145024 &     6.620521 &      -0.079998 &   -0.399169 &              0.040121 &        -0.033504 &         5.374449 &  -0.276506 &                     -0.705813 &    230.767480 \\
hue                          &   -0.013313 &   -0.143326 &  -0.004682 &          -0.209118 &     0.180851 &       0.062039 &    0.124082 &             -0.007471 &         0.038665 &        -0.276506 &   0.052245 &                      0.091766 &     17.000223 \\
od280/od315\_of\_diluted\_wines &    0.041698 &   -0.292447 &   0.000762 &          -0.656234 &     0.669308 &       0.311021 &    0.558262 &             -0.044469 &         0.210933 &        -0.705813 &   0.091766 &                      0.504086 &     69.927526 \\
proline                      &  164.567185 &  -67.548867 &  19.319739 &        -463.355345 &  1769.158700 &      98.171057 &  155.447492 &            -12.203586 &        59.554334 &       230.767480 &  17.000223 &                     69.927526 &  99166.717355 \\
\hline
\end{tabular}}

Correlation:
 
\resizebox{\textwidth}{!}{\begin{tabular}{lrrrrrrrrrrrrr}
\hline
{} &   alcohol &  malic\_acid &       ash &  alcalinity\_of\_ash &  magnesium &  total\_phenols &  flavanoids &  nonflavanoid\_phenols &  proanthocyanins &  color\_intensity &       hue &  od280/od315\_of\_diluted\_wines &   proline \\
\hline
alcohol                      &  1.000000 &    0.094397 &  0.211545 &          -0.310235 &   0.270798 &       0.289101 &    0.236815 &             -0.155929 &         0.136698 &         0.546364 & -0.071747 &                      0.072343 &  0.643720 \\
malic\_acid                   &  0.094397 &    1.000000 &  0.164045 &           0.288500 &  -0.054575 &      -0.335167 &   -0.411007 &              0.292977 &        -0.220746 &         0.248985 & -0.561296 &                     -0.368710 & -0.192011 \\
ash                          &  0.211545 &    0.164045 &  1.000000 &           0.443367 &   0.286587 &       0.128980 &    0.115077 &              0.186230 &         0.009652 &         0.258887 & -0.074667 &                      0.003911 &  0.223626 \\
alcalinity\_of\_ash            & -0.310235 &    0.288500 &  0.443367 &           1.000000 &  -0.083333 &      -0.321113 &   -0.351370 &              0.361922 &        -0.197327 &         0.018732 & -0.273955 &                     -0.276769 & -0.440597 \\
magnesium                    &  0.270798 &   -0.054575 &  0.286587 &          -0.083333 &   1.000000 &       0.214401 &    0.195784 &             -0.256294 &         0.236441 &         0.199950 &  0.055398 &                      0.066004 &  0.393351 \\
total\_phenols                &  0.289101 &   -0.335167 &  0.128980 &          -0.321113 &   0.214401 &       1.000000 &    0.864564 &             -0.449935 &         0.612413 &        -0.055136 &  0.433681 &                      0.699949 &  0.498115 \\
flavanoids                   &  0.236815 &   -0.411007 &  0.115077 &          -0.351370 &   0.195784 &       0.864564 &    1.000000 &             -0.537900 &         0.652692 &        -0.172379 &  0.543479 &                      0.787194 &  0.494193 \\
nonflavanoid\_phenols         & -0.155929 &    0.292977 &  0.186230 &           0.361922 &  -0.256294 &      -0.449935 &   -0.537900 &              1.000000 &        -0.365845 &         0.139057 & -0.262640 &                     -0.503270 & -0.311385 \\
proanthocyanins              &  0.136698 &   -0.220746 &  0.009652 &          -0.197327 &   0.236441 &       0.612413 &    0.652692 &             -0.365845 &         1.000000 &        -0.025250 &  0.295544 &                      0.519067 &  0.330417 \\
color\_intensity              &  0.546364 &    0.248985 &  0.258887 &           0.018732 &   0.199950 &      -0.055136 &   -0.172379 &              0.139057 &        -0.025250 &         1.000000 & -0.521813 &                     -0.428815 &  0.316100 \\
hue                          & -0.071747 &   -0.561296 & -0.074667 &          -0.273955 &   0.055398 &       0.433681 &    0.543479 &             -0.262640 &         0.295544 &        -0.521813 &  1.000000 &                      0.565468 &  0.236183 \\
od280/od315\_of\_diluted\_wines &  0.072343 &   -0.368710 &  0.003911 &          -0.276769 &   0.066004 &       0.699949 &    0.787194 &             -0.503270 &         0.519067 &        -0.428815 &  0.565468 &                      1.000000 &  0.312761 \\
proline                      &  0.643720 &   -0.192011 &  0.223626 &          -0.440597 &   0.393351 &       0.498115 &    0.494193 &             -0.311385 &         0.330417 &         0.316100 &  0.236183 &                      0.312761 &  1.000000 \\
\hline
\end{tabular}}

The medians of the dataset grouped by the target feature is given by:

\begin{lstlisting}[language=Python]
# group by target and find median:
df.groupby('target').median()
\end{lstlisting}
which outputs:

\resizebox{\textwidth}{!}{\begin{tabular}{lrrrrrrrrrrrrr}
\hline
{} &  alcohol &  malic\_acid &   ash &  alcalinity\_of\_ash &  magnesium &  total\_phenols &  flavanoids &  nonflavanoid\_phenols &  proanthocyanins &  color\_intensity &    hue &  od280/od315\_of\_diluted\_wines &  proline \\
target &          &             &       &                    &            &                &             &                       &                  &                  &        &                               &          \\
\hline
0      &   13.750 &       1.770 &  2.44 &               16.8 &      104.0 &          2.800 &       2.980 &                  0.29 &            1.870 &             5.40 &  1.070 &                          3.17 &   1095.0 \\
1      &   12.290 &       1.610 &  2.24 &               20.0 &       88.0 &          2.200 &       2.030 &                  0.37 &            1.610 &             2.90 &  1.040 &                          2.83 &    495.0 \\
2      &   13.165 &       3.265 &  2.38 &               21.0 &       97.0 &          1.635 &       0.685 &                  0.47 &            1.105 &             7.55 &  0.665 &                          1.66 &    627.5 \\
\hline
\end{tabular}}

\textbf{2.6.3} The \verb+seaborn+ library has the functionality to group and plot histograms with:

\begin{lstlisting}[language=Python]
# plot histograms of alcohol for each target
import seaborn as sns
ax = sns.boxplot(x='target', y='alcohol', data=df)
plt.plot()
plt.show()
\end{lstlisting}

Which gives:
	\begin{figure}[hbt]
  \begin{center}
  	  \includegraphics[scale=0.8]{img/boxplot.png}
  \end{center}
\end{figure}

\textbf{2.6.4} The following code finds the pair with the highest correlation and plots them on a scatter plot:

\begin{lstlisting}[language=Python]
# plot the pair with the highest correlation:
abs_corr = abs(notarget_df.corr())
# ensure the self-correlations are not included:
np.fill_diagonal(abs_corr.values, 0)
print(abs_corr)
# make sure the diagnals are not counted:
max_corr = 0
for col in abs_corr:
  this_max = abs_corr[col].max()
  if this_max > max_corr:
    max_corr = this_max
    max_col = col
    max_row = abs_corr[col].idxmax()
# make scatter plot of highest correlation:
sns.scatterplot(df[max_row], df[max_col])
\end{lstlisting}
which outputs:
	\begin{figure}[hbt]
  \begin{center}
  	  \includegraphics[scale=0.8]{img/scatter2.png}
  \end{center}
\end{figure}

\textbf{2.6.5} The following code standardises the dataframe, then plots a projection using MDS, coloured by the target:

\begin{lstlisting}[language=Python]
# standardise the dataframe:
X = notarget_df.to_numpy()
scaler = StandardScaler()
X = scaler.fit_transform(X)
# plot the mds projection
from sklearn.manifold import MDS
    
embedding = MDS(n_components=2)
Xp = embedding.fit_transform(X)
df_projection = pd.DataFrame({'x': Xp[:, 0], 'y': Xp[:, 1], 'target': df['target']})
# plot
sns.scatterplot(x='x', y='y', hue='target', data=df_projection)
plt.show()
\end{lstlisting}
which outputs:
	\begin{figure}[hbt]
  \begin{center}
  	  \includegraphics[scale=0.8]{img/scattermds.png}
  \end{center}
\end{figure}

\end{answer}




\end{document}